1        2           3           4               5               6               7               8               9               10              11              12              13              14      15          16          17          18          19          20              21              22                  23      24                  25                  26              27              28                  29                  30                  31                  32              33              34          35          36          37       38
Code     AlbedoMin   AlbedoMax   Emissivity      StorageMin      StorageMax      WetThreshold    StateLimit      DrainageEq      DrainageCoef1   DrainageCoef2   SoilTypeCode    SnowLimPatch    BaseT   BaseTe      GDDFull     SDDFull     LAIMin      LAIMax      PorosityMin     PorosityMax     MaxConductance   LAIEq      LeafGrowthPower1    LeafGrowthPower2    LeafOffPower1   LeafOffPower2   OHMCode_SummerWet   OHMCode_SummerDry   OHMCode_WinterWet   OHMCode_WinterDry   OHMThresh_SW    OHMThresh_WD    ESTMCode    AnOHM_Cp    AnOHM_Kk    AnOHM_Ch BiogenCO2Code
300      0.1         0.1         0.98            1.3             1.3             1.3             1.3             2               0.013           1.71            70              190             5       10          300         -450        4           5.1         -999            -999            7.4                 1       0.04                0.001               -1.5            0.0015          200                 200                 200                 200                 10              0.9             200         1000000     1.2         4        21                 !   ET      Helsinki    Jarvi et al  (2014)
330      0.16        0.16        0.98            0.3             0.8             0.8             0.8             2               0.013           1.71            70              190             5       10          300         -450        1           5.5         0.2             0.6             11.7                1       0.04                0.001               -1.5            0.0015          200                 200                 200                 200                 10              0.9             200         1000000     1.2         4        21                 !   DT      Helsinki    Jarvi et al  (2014)
360      0.19        0.19        0.93            1.9             1.9             1.9             1.9             3               10              3               70              190             5       10          300         -450        1.6         5.9         -999            -999            40                  1       0.04                0.001               -1.5            0.0015          200                 200                 200                 200                 10              0.9             200         1000000     1.2         4        21                 !   IG      Helsinki    Jarvi et al  (2014)
361      0.19        0.19        0.93            1.9             1.9             1.9             1.9             2               0.13            1.71            70              190             5       10          300         -450        1.6         5.9         -999            -999            33.1                1       0.04                0.001               -1.5            0.0015          200                 200                 200                 200                 10              0.9             200         1000000     1.2         4        21                 !   UG      Helsinki    Jarvi et al  (2014)
551      0.1         0.1         0.98            1.3             1.3             1.8             1.3             2               0.013           1.71            553             -999            6       11          300         -450        4           5.1         -999            -999            7.4                 1       0.04                0.001               -1.5            0.0015          200                 200                 200                 200                 10              0.9             810         1000000     1.2         4        11                 !   EveTr   Swindon     Ward  et al. (2013)
552      0.12        0.18        0.98            0.3             0.8             1               0.8             2               0.013           1.71            553             -999            6       11          300         -450        1           5.5         0.2             0.6             11.7                1       0.04                0.001               -1.5            0.0015          200                 200                 200                 200                 10              0.9             811         1000000     1.2         4        11                 !   DecTr   Swindon     Ward  et al. (2013)
553      0.18        0.21        0.93            1.9             1.9             2               1.9             2               0.013           1.71            553             -999            6       11          300         -450        1.6         5.9         -999            -999            33.1                1       0.04                0.001               -1.5            0.0015          200                 200                 200                 200                 10              0.9             812         1000000     1.2         4        11                 !   Grass   Swindon     Ward  et al. (2013)
661      0.11        0.12        0.98            1.3             1.3             1.3             1.3             2               0.013           1.71            661             120             5       11          300         -450        4           5.1         -999            -999            7.4                 0       0.03                0.0005              0.03            0.0005          200                 200                 200                 200                 10              0.9             810         1000000     1.2         4        11                 !   EveTr   London
662      0.12        0.18        0.98            0.3             0.8             0.8             0.8             2               0.013           1.71            661             120             5       11          300         -450        1           5.5         0.2             0.6             11.7                0       0.03                0.0005              0.03            0.0005          200                 200                 200                 200                 10              0.9             811         1000000     1.2         4        11                 !   DecTr   London
663      0.18        0.21        0.93            1.9             1.9             1.9             1.9             2               0.013           1.71            661             120             5       11          300         -450        1.6         5.9         -999            -999            33.1                0       0.03                0.0005              0.03            0.0005          200                 200                 200                 200                 10              0.9             812         1000000     1.2         4        11                 !   Grass   London
700      0.11        0.12        0.98            1.3             1.3             1.3             1.3             2               0.013           1.71            661             120             5       11          300         -450        4           5.1         -999            -999            7.4                 0       0.03                0.0005              0.03            0.0005          201                 201                 201                 201                 10              0.9             810         1000000     1.2         4        11                 !   EveTr   London
701      0.12        0.18        0.98            0.3             0.8             0.8             0.8             2               0.013           1.71            661             120             5       11          300         -450        1           5.5         0.2             0.6             11.7                0       0.03                0.0005              0.03            0.0005          201                 201                 201                 201                 10              0.9             811         1000000     1.2         4        11                 !   DecTr   London
702      0.18        0.21        0.93            1.9             1.9             1.9             1.9             2               0.013           1.71            661             120             5       11          300         -450        1.6         5.9         -999            -999            33.1                0       0.03                0.0005              0.03            0.0005          201                 201                 201                 201                 10              0.9             812         500000      0.2         1        11                 !   Grass   London
-9
-9
