1    2        3         4         5         6         7         8         9        10       11                 12                 13                 14                 15                 16                 17                 18                 19              20              21             22             23          24          25        26        27         28         29                30                   31             32         33          34
Code BaseTHDD QF_A_WD   QF_B_WD   QF_C_WD   QF_A_WE   QF_B_WE   QF_C_WE   AHMin_WD AHMin_WE AHSlope_Heating_WD AHSlope_Heating_WE AHSlope_Cooling_WD AHSlope_Cooling_WE TCritic_Heating_WD TCritic_Heating_WE TCritic_Cooling_WD TCritic_Cooling_WE EnergyUseProfWD EnergyUseProfWE ActivityProfWD ActivityProfWE TraffProfWD TraffProfWE PopProfWD PopProfWE MinQFMetab MaxQFMetab FrFossilFuel_Heat FrFossilFuel_NonHeat EF_umolCO2perJ EnEF_v_Jkm FcEF_v_kgkm TrafficUnits
10   18.2     0.1       0.00986   0.0102    0.1       0.00986   0.0102    15       15       2.7                2.7                2.7                2.7                7                  7                  7                  7                  44              45              55663          55664          701         702         801       802       75         175        0.05              0                    1.159          3.97e6     0.285       1            ! Helsinki Jarvi     et   al     2014
11   18.2     0.3081    0.0099    0.0102    0.3081    0.0099    0.0102    -999     -999     -999               -999               -999               -999               -999               -999               -999               -999               44              45              55663          55664          701         702         801       802       75         175        0.05              0                    1.159          4.11e6     0.38        1            ! Järvi    et        al.  (2011) -    MD
551  18.2     0.1445807 0.0000000 0.0037491 0.1329150 0.0000000 0.0037537 -999     -999     -999               -999               -999               -999               -999               -999               -999               -999               42              43              55663          55664          701         702         801       802       75         175        0.7               0.7                  1.159          3.97e6     0.2069      1            ! Swindon  fit       Ward et     al.  (2013)
5512 18.2     0.3081357 0.0098631 0.0101826 0.3081357 0.0098631 0.0101826 -999     -999     -999               -999               -999               -999               -999               -999               -999               -999               42              43              55663          55664          701         702         801       802       75         175        0.7               0.7                  1.159          3.97e6     0.2069      1            ! Swindon  (default)
661  18.2     0.3081357 0.0098631 0.0101826 0.3081357 0.0098631 0.0101826 15       15       2.7                2.7                2.7                2.7                7                  7                  7                  7                  42              43              55663          55664          701         702         801       802       75         175        0.7               0.7                  1.159          3.97e6     0.2069      1            ! London
2    18.2     0.1       0.00986   0.02      0.1       0.00986   0.02      15       15       2.7                2.7                2.7                2.7                7                  7                  7                  7                  44              45              55663          55664          701         702         801       802       75         175        0.05              0                    1.159          4.11e6     0.285       1            ! Helsinki Jarvi     et   al     2014
3    18.2     0.1       0.00986   0.03      0.1       0.00986   0.03      15       15       2.7                2.7                2.7                2.7                7                  7                  7                  7                  44              45              55663          55664          701         702         801       802       75         175        0.05              0                    1.159          4.11e6     0.285       1            ! Helsinki Jarvi     et   al     2014
4    18.2     0.1       0.00986   0.04      0.1       0.00986   0.04      15       15       2.7                2.7                2.7                2.7                7                  7                  7                  7                  44              45              55663          55664          701         702         801       802       75         175        0.05              0                    1.159          4.11e6     0.285       1            ! Helsinki Jarvi     et   al     2014
51   18.2     0.1217    0.00986   0.04      0.1156    0.00986   0.04      15       15       2.7                2.7                2.7                2.7                7                  7                  7                  7                  44              45              55663          55664          701         702         801       802       75         175        0.05              0                    1.159          4.11e6     0.285       1            ! Helsinki Jarvi     et   al     2014
52   18.2     0.1702    0.00986   0.04      0.1446    0.00986   0.04      15       15       2.7                2.7                2.7                2.7                7                  7                  7                  7                  44              45              55663          55664          701         702         801       802       75         175        0.05              0                    1.159          4.11e6     0.285       1            ! Helsinki Jarvi     et   al     2014
53   18.2     0.0772    0.00986   0.04      0.0754    0.00986   0.04      15       15       2.7                2.7                2.7                2.7                7                  7                  7                  7                  44              45              55663          55664          701         702         801       802       75         175        0.05              0                    1.159          4.11e6     0.285       1            ! Helsinki Jarvi     et   al     2014
771  18.2     0.3182298 0.007049  0.0292658 0.3182298 0.0070491 0.0292658 15       15       2.7                2.7                2.7                2.7                7                  7                  7                  7                  42              43              55663          55664          701         702         801       802       75         175        0.7               0.7                  1.159          3.97E+06   0.2069      1            ! Sailor et al. 2015, AE New York New York City   
-9
-9